20
19 8
29 23 14 31 27 10 28 6 22 8 13 40 21 2 23 11 2 48 47 
17 20
29 4 0 11 15 21 25 1 38 11 3 42 49 18 45 46 44 
19 5
45 5 36 22 10 41 40 36 37 21 9 5 18 26 32 46 46 47 9 
18 9
22 24 19 13 46 10 5 30 47 10 42 45 25 3 14 19 14 44 
20 5
23 50 37 34 14 11 48 33 21 17 49 33 25 38 30 45 34 35 1 20 
10 11
1 2 3 4 5 6 7 8 9 10 
19 3
43 38 44 43 4 16 1 3 43 37 46 8 45 4 48 19 0 9 4 
20 1
1 1 1 1 1 1 1 1 1 1 1 1 1 1 1 1 1 1 1 1
18 8
31 25 31 50 12 9 19 23 14 19 15 23 19 43 46 2 17 1 
20 1
0 0 0 0 0 0 0 0 0 0 0 0 0 0 0 0 0 0 0 2 
18 10
11 32 46 13 48 39 45 2 0 6 10 41 48 34 46 0 39 47 
18 4
37 23 15 44 9 3 47 15 29 50 40 16 14 34 45 28 45 40 
20 1
0 0 0 0 0 0 0 0 0 0 0 0 0 0 0 0 0 0 0 0 
18 16
19 42 41 45 28 18 36 39 11 35 22 49 38 29 14 9 42 9 
19 8
1 41 37 15 44 19 50 25 12 39 37 35 20 21 11 43 42 13 29 
19 14
0 47 1 5 31 21 35 44 6 16 50 41 10 1 30 26 28 45 31 
19 4
3 22 50 29 18 42 36 32 3 44 32 44 19 42 7 50 12 19 36 
20 1
50 50 50 50 50 50 50 50 50 50 50 50 50 50 50 50 50 50 50 50 
3 3
5 18 49
18 15
17 29 27 24 43 45 10 46 6 11 46 42 39 45 25 17 27 3 